image	class0	class1	class2	class3	class4	class5	predicted_class
TFRecord	3.0051164e-09	0.016439607	0.98342484	0.00013525793	2.866496e-07	2.9704117e-09	2
TFRecord	7.1890645e-09	0.0030148795	0.996931	5.3137406e-05	9.444577e-07	7.856839e-09	2
TFRecord	1.9207723e-08	0.034009483	0.9658916	9.701473e-05	1.8802456e-06	1.8365652e-08	2
TFRecord	3.2893201e-09	0.0013905664	0.9985384	7.0693815e-05	3.9720354e-07	3.436425e-09	2
TFRecord	8.342029e-09	0.003967531	0.99569666	0.00033502266	7.47568e-07	8.986571e-09	2
TFRecord	2.0836486e-08	0.046707414	0.9531621	0.00012707074	3.3677316e-06	1.9752138e-08	2
TFRecord	9.839669e-10	0.00050459703	0.99947435	2.0941909e-05	1.6744691e-07	1.0478429e-09	2
TFRecord	3.4860623e-09	0.007873996	0.99167496	0.00045065297	4.70045e-07	3.4507492e-09	2
TFRecord	1.8736404e-09	0.0068630003	0.9930663	7.0471804e-05	2.1829523e-07	1.884838e-09	2
TFRecord	9.203304e-09	0.022569142	0.9773222	0.00010718296	1.437941e-06	8.927655e-09	2
TFRecord	3.3150616e-09	0.00590774	0.9940461	4.5893805e-05	2.5793145e-07	3.628702e-09	2
TFRecord	2.4447364e-09	0.006362955	0.99352276	0.00011388425	3.448187e-07	2.431497e-09	2
TFRecord	1.3266308e-08	0.033034112	0.9668997	6.4039574e-05	2.0994664e-06	1.2456816e-08	2
TFRecord	1.3266308e-08	0.033034112	0.9668997	6.4039574e-05	2.0994664e-06	1.2456816e-08	2
TFRecord	1.5774055e-09	0.0014822902	0.9984946	2.2951952e-05	1.634404e-07	1.6914701e-09	2
TFRecord	3.3502054e-10	0.00049698655	0.9994874	1.5563784e-05	3.164282e-08	3.532163e-10	2
TFRecord	7.848904e-09	0.0045231367	0.9954209	5.530906e-05	7.4779865e-07	8.245781e-09	2
TFRecord	5.384173e-10	0.00074868783	0.9992192	3.218554e-05	4.8002548e-08	5.587687e-10	2
TFRecord	7.1436936e-09	0.0247807	0.9751544	6.395401e-05	8.8006226e-07	6.7215375e-09	2
TFRecord	8.320559e-09	0.0061924537	0.9937366	7.0000024e-05	8.0921825e-07	8.628382e-09	2
TFRecord	8.474788e-09	0.00406104	0.99592847	8.9684e-06	1.4650748e-06	8.865287e-09	2
TFRecord	1.0829782e-09	0.00072718266	0.99926764	4.9439477e-06	1.7353075e-07	1.1577226e-09	2
TFRecord	1.8027105e-08	0.035460096	0.96448374	5.4272594e-05	1.8743633e-06	1.6814587e-08	2
TFRecord	6.1706125e-09	0.010083861	0.989847	6.8721805e-05	4.7049815e-07	6.0948384e-09	2
TFRecord	1.6076484e-08	0.020680096	0.97925764	5.9141807e-05	2.978436e-06	1.524997e-08	2
TFRecord	1.3226783e-09	0.0051065753	0.9948218	7.149773e-05	1.02912786e-07	1.3303141e-09	2
TFRecord	7.585032e-09	0.0069023236	0.99303883	5.8075824e-05	6.961366e-07	7.702054e-09	2
TFRecord	8.389989e-09	0.020515185	0.9793788	0.00010512943	9.3729926e-07	7.903825e-09	2
TFRecord	1.9981302e-08	0.027256384	0.97268254	5.796598e-05	3.0428214e-06	1.886801e-08	2
TFRecord	1.1947172e-09	0.0028623524	0.9971131	2.4377905e-05	9.7558264e-08	1.1701488e-09	2
TFRecord	3.1430758e-10	0.00088502537	0.99909306	2.1897067e-05	2.1389667e-08	3.298102e-10	2
TFRecord	1.0044015e-09	0.002458263	0.9975254	1.614891e-05	1.0244353e-07	9.819845e-10	2
TFRecord	5.976086e-10	0.00035828407	0.99963546	6.08497e-06	7.7503685e-08	6.383072e-10	2
TFRecord	6.380138e-09	0.0029052757	0.99708515	8.2782235e-06	1.173805e-06	6.7175434e-09	2
TFRecord	6.315538e-09	0.0027657803	0.99722666	6.257018e-06	1.1518173e-06	6.5970625e-09	2
TFRecord	1.4785827e-08	0.0061766403	0.99380094	2.0245374e-05	2.142699e-06	1.5239651e-08	2
TFRecord	8.250825e-10	0.0011078558	0.9988268	6.5285e-05	9.090782e-08	8.377368e-10	2
TFRecord	4.364227e-09	0.010944904	0.9889208	0.00013391074	2.9495192e-07	4.4277737e-09	2
TFRecord	4.50659e-10	0.00016036397	0.99983144	8.077688e-06	6.993917e-08	4.779704e-10	2
TFRecord	1.2008346e-10	4.285001e-05	0.99994695	1.0208128e-05	1.3309267e-08	1.3128804e-10	2
TFRecord	1.3724204e-08	0.003360908	0.9966184	1.823177e-05	2.5457182e-06	1.423826e-08	2
TFRecord	1.6132462e-08	0.005604179	0.9943152	7.8206365e-05	2.3311684e-06	1.6813802e-08	2
TFRecord	8.98312e-09	0.0046318495	0.9953277	3.9209073e-05	1.3073579e-06	8.734716e-09	2
TFRecord	9.384102e-10	0.00027081874	0.99972624	2.818358e-06	1.7004427e-07	1.0039944e-09	2
TFRecord	9.329781e-10	0.00060848705	0.9993149	7.6423814e-05	1.4036657e-07	9.524053e-10	2
TFRecord	1.2084471e-09	0.00046483858	0.99951386	2.1047996e-05	2.566442e-07	1.2217152e-09	2
TFRecord	2.134786e-09	0.00032759653	0.99966395	7.990338e-06	4.822928e-07	2.2932283e-09	2
TFRecord	9.929789e-10	0.00015851478	0.9998271	1.4315012e-05	1.06652976e-07	1.0457765e-09	2
TFRecord	7.2326545e-10	0.00034339796	0.9996226	3.386874e-05	1.1354866e-07	7.395195e-10	2
TFRecord	6.8154016e-10	0.00036063555	0.99962306	1.6208987e-05	1.0274397e-07	6.9529793e-10	2
TFRecord	5.3461364e-09	0.0070070447	0.992864	0.00012858027	3.5237173e-07	5.5717346e-09	2
TFRecord	8.8305765e-11	2.6095648e-05	0.9999689	5.006232e-06	1.1249921e-08	9.5971536e-11	2
TFRecord	1.1949502e-09	0.0006168222	0.9993679	1.4960304e-05	2.2194293e-07	1.2045246e-09	2
TFRecord	1.244248e-09	0.00017456558	0.9998165	8.7057415e-06	1.8811251e-07	1.2978691e-09	2
TFRecord	1.1977543e-09	0.000590743	0.9994	9.034178e-06	2.678429e-07	1.220088e-09	2
TFRecord	9.201181e-11	2.0213223e-05	0.9999771	2.6554922e-06	1.8365746e-08	9.885011e-11	2
TFRecord	9.077777e-10	0.00012874376	0.99986744	3.6263268e-06	2.2642527e-07	9.722496e-10	2
TFRecord	2.1846769e-10	5.4160384e-05	0.99993694	8.9121695e-06	3.563176e-08	2.3084296e-10	2
TFRecord	6.434135e-10	0.00014399788	0.9998481	7.6040233e-06	2.065892e-07	6.5097927e-10	2
TFRecord	1.4180306e-09	0.00020336903	0.99979204	4.25292e-06	3.1510112e-07	1.5224046e-09	2
TFRecord	8.816812e-10	9.780664e-05	0.9999	1.9533934e-06	2.7054784e-07	9.290304e-10	2
TFRecord	2.0755557e-10	2.9754836e-05	0.99996555	4.6823984e-06	4.1499778e-08	2.1892695e-10	2
TFRecord	2.1480952e-10	2.653213e-05	0.99997246	8.83906e-07	8.151365e-08	2.346185e-10	2
TFRecord	6.801533e-10	5.6897356e-05	0.99993396	9.003422e-06	1.3256796e-07	7.172569e-10	2
TFRecord	2.4993063e-10	6.2913954e-05	0.99993014	6.8546306e-06	4.2916334e-08	2.6968436e-10	2
TFRecord	3.5905642e-10	6.530983e-05	0.9999293	5.2723803e-06	7.281951e-08	3.7419517e-10	2
TFRecord	9.156173e-10	0.0001794215	0.9998147	5.780159e-06	2.7955969e-07	9.461049e-10	2
TFRecord	9.881802e-10	0.0001922256	0.99980456	2.9645382e-06	1.8354515e-07	1.059825e-09	2
TFRecord	2.064218e-10	1.7613032e-05	0.99997556	6.8380245e-06	3.5565712e-08	2.22826e-10	2
TFRecord	9.0051064e-11	1.017323e-05	0.9999863	3.539269e-06	1.7626084e-08	9.885102e-11	2
TFRecord	6.222906e-10	0.00027810107	0.99971277	8.924961e-06	8.3026585e-08	6.696149e-10	2
TFRecord	5.2390997e-10	0.00017551718	0.9997923	3.208998e-05	1.1692951e-07	5.400079e-10	2
TFRecord	1.6910791e-10	4.148459e-05	0.99995077	7.786817e-06	2.8629247e-08	1.7904571e-10	2
TFRecord	4.161052e-09	0.0036743267	0.996201	0.0001244388	2.9274426e-07	4.3380144e-09	2
TFRecord	1.0082708e-09	0.000281424	0.9997117	6.6266875e-06	2.8214674e-07	1.0297055e-09	2
TFRecord	8.642969e-11	1.5858448e-05	0.99998105	3.145543e-06	1.2222261e-08	9.36646e-11	2
TFRecord	3.0476624e-10	0.00036637497	0.9996301	3.5148068e-06	3.2167726e-08	3.2313868e-10	2
TFRecord	3.6517742e-09	0.0014370711	0.99852496	3.7547456e-05	4.3028007e-07	3.7273304e-09	2
TFRecord	2.7032716e-09	0.000851164	0.99914455	3.7475475e-06	5.598319e-07	2.8507183e-09	2
TFRecord	2.8258873e-10	5.303512e-05	0.9999405	6.399267e-06	3.6276987e-08	2.9999994e-10	2
TFRecord	2.0908841e-10	0.00013221636	0.999864	3.8570083e-06	3.1024843e-08	2.2237487e-10	2
TFRecord	6.4514405e-10	0.00021255351	0.9997837	3.7234174e-06	1.1805864e-07	6.760278e-10	2
TFRecord	4.5130186e-10	7.305857e-05	0.999918	8.814533e-06	6.736979e-08	4.725726e-10	2
TFRecord	4.875799e-10	0.0003199818	0.99966395	1.5992575e-05	9.248681e-08	5.0496274e-10	2
TFRecord	7.369726e-10	0.00039789887	0.9995982	3.7984685e-06	1.2215574e-07	7.5168294e-10	2
TFRecord	2.6490438e-10	0.00022826108	0.99977	1.7576518e-06	4.141078e-08	2.8059857e-10	2
TFRecord	4.2365977e-10	0.00024190848	0.9997539	4.0554683e-06	6.85369e-08	4.3140308e-10	2
TFRecord	3.2809984e-09	0.004983419	0.9949545	6.178661e-05	2.532486e-07	3.3436498e-09	2
TFRecord	1.6756381e-08	0.014934247	0.98501205	5.174343e-05	1.8754773e-06	1.7032402e-08	2
TFRecord	5.4078355e-09	0.022096874	0.9777956	0.00010730025	2.7826746e-07	5.530295e-09	2
TFRecord	2.577524e-10	0.00025502397	0.99974424	6.41875e-07	5.981429e-08	2.673278e-10	2
TFRecord	1.9563398e-10	0.00023712184	0.99976236	4.1992425e-07	4.9577153e-08	2.0444238e-10	2
TFRecord	1.6331966e-10	0.00021415885	0.99978155	4.2411416e-06	2.319844e-08	1.6876933e-10	2
TFRecord	9.7739705e-11	8.963757e-05	0.9999089	1.3965656e-06	1.3281905e-08	1.02467264e-10	2
TFRecord	2.1455036e-10	0.00034348402	0.9996561	4.77439e-07	5.058355e-08	2.2399033e-10	2
