image	class0	class1	class2	class3	class4	class5	predicted_class
TFRecord	1.542223e-10	0.0013570833	5.2088026e-06	0.99863774	1.9653463e-09	1.5376352e-10	3
TFRecord	4.0332548e-10	0.008873331	8.34991e-05	0.9910432	7.2424147e-09	3.975984e-10	3
TFRecord	4.980019e-10	0.0019521475	0.00013553808	0.99791235	5.2656124e-09	4.8813315e-10	3
TFRecord	5.435656e-10	0.006051641	0.0001736794	0.99377465	4.9549667e-09	5.350609e-10	3
TFRecord	1.3935537e-10	0.004220453	2.3143084e-06	0.99577725	1.2817154e-09	1.3584008e-10	3
TFRecord	2.808827e-10	0.00021447956	1.4310266e-05	0.9997712	3.24192e-09	2.7567493e-10	3
TFRecord	3.7561507e-10	0.006055309	0.00010053616	0.99384415	6.3810757e-09	3.7000192e-10	3
TFRecord	3.2859834e-10	0.0018270175	1.3334901e-05	0.9981597	2.7876146e-09	3.1833658e-10	3
TFRecord	2.4476407e-10	0.0033979493	3.2736943e-06	0.9965988	3.2284913e-09	2.4039917e-10	3
TFRecord	1.2408153e-09	0.0020396598	3.8399747e-05	0.997922	7.91701e-09	1.1962294e-09	3
TFRecord	2.347824e-10	0.00023898011	7.679067e-06	0.9997533	2.5289817e-09	2.3042931e-10	3
TFRecord	4.311649e-10	0.009656321	9.996588e-06	0.99033374	5.4653033e-09	4.1948695e-10	3
TFRecord	5.5115684e-10	0.019684557	3.269197e-05	0.9802828	6.730467e-09	5.3801974e-10	3
TFRecord	1.6803978e-10	0.0071940473	8.7935484e-07	0.99280506	2.9813727e-09	1.632392e-10	3
TFRecord	4.0686776e-10	0.01620832	3.928416e-06	0.9837878	5.7977796e-09	3.9733583e-10	3
TFRecord	4.2093704e-10	0.00560471	2.388308e-05	0.9943715	6.8282127e-09	4.0940726e-10	3
TFRecord	2.9625696e-10	0.00026359878	8.347046e-06	0.999728	3.7466275e-09	2.9068095e-10	3
TFRecord	1.6739074e-10	0.0046052313	1.4410815e-06	0.9953934	2.5162967e-09	1.6143809e-10	3
TFRecord	5.5025057e-10	0.0007537392	4.2620068e-06	0.99924207	3.4954066e-09	5.1863885e-10	3
TFRecord	3.4483005e-10	0.0014135209	6.2100976e-06	0.9985802	3.4759176e-09	3.35767e-10	3
TFRecord	3.542047e-10	0.0007811695	1.1574353e-05	0.9992073	4.9988444e-09	3.504656e-10	3
TFRecord	1.2323508e-09	0.0023520852	4.5382138e-05	0.9976025	9.374501e-09	1.1792032e-09	3
TFRecord	2.2112548e-10	0.008294588	6.651712e-07	0.9917047	3.5393104e-09	2.1398641e-10	3
TFRecord	6.3893635e-10	0.0014505864	3.0017313e-06	0.9985464	4.591409e-09	5.9880834e-10	3
TFRecord	3.5257233e-10	0.013562138	4.6260243e-06	0.98643327	4.8600794e-09	3.3647435e-10	3
TFRecord	9.132786e-10	0.003053988	6.4164724e-06	0.99693966	6.079586e-09	8.600283e-10	3
TFRecord	8.911672e-10	0.016451456	3.133118e-05	0.98351717	9.125934e-09	8.429069e-10	3
TFRecord	5.7999433e-10	0.0018850075	2.6882929e-06	0.9981123	4.6871853e-09	5.4256033e-10	3
TFRecord	1.0993172e-09	0.0023160926	6.577954e-06	0.9976774	1.0254863e-08	1.0689981e-09	3
TFRecord	7.4417444e-10	0.0017858188	3.8092178e-06	0.99821043	4.7735043e-09	7.0292855e-10	3
TFRecord	8.353146e-10	0.002290363	2.6180671e-06	0.997707	7.0429986e-09	7.8831935e-10	3
TFRecord	1.3250814e-09	0.009368526	1.9443494e-05	0.9906121	9.608539e-09	1.2547318e-09	3
TFRecord	9.987268e-10	0.0015412365	1.309517e-05	0.9984457	1.0545564e-08	9.668293e-10	3
TFRecord	1.0964896e-09	0.008825635	5.4336397e-05	0.99112004	9.414676e-09	1.052408e-09	3
TFRecord	5.6799226e-10	0.010998537	1.0254905e-05	0.98899126	5.4509868e-09	5.50307e-10	3
TFRecord	2.5534908e-10	0.015443034	1.5209281e-06	0.9845554	3.7331387e-09	2.4477464e-10	3
TFRecord	6.3206224e-10	0.003519955	2.1815363e-06	0.9964779	5.133959e-09	5.9577093e-10	3
TFRecord	3.7342343e-10	0.014637218	4.9366135e-06	0.9853579	5.8425393e-09	3.618419e-10	3
TFRecord	1.122463e-09	0.0034641698	6.8829763e-06	0.9965289	1.018038e-08	1.0914576e-09	3
TFRecord	2.2019157e-10	0.026215196	1.0348359e-06	0.9737838	5.0211337e-09	2.1379998e-10	3
TFRecord	1.255343e-09	0.007898824	1.9180328e-05	0.992082	9.289558e-09	1.1907269e-09	3
TFRecord	7.6339374e-10	0.033192985	3.0491608e-05	0.96677655	8.831456e-09	7.295867e-10	3
TFRecord	9.0595054e-10	0.050814334	2.6761301e-05	0.94915897	1.0672045e-08	8.631311e-10	3
TFRecord	7.456698e-10	0.044335313	3.893196e-06	0.9556608	1.1358842e-08	7.2236417e-10	3
TFRecord	1.1651864e-09	0.020973971	1.972327e-05	0.97900635	1.1410146e-08	1.1049703e-09	3
TFRecord	6.117916e-10	0.12551187	4.860294e-06	0.8744832	8.932286e-09	5.891998e-10	3
TFRecord	7.716655e-10	0.22263692	2.7391598e-05	0.7773357	1.2479065e-08	7.510129e-10	3
TFRecord	1.0076672e-09	0.029996775	8.962623e-05	0.9699136	1.0565001e-08	9.674075e-10	3
TFRecord	1.2709347e-09	0.039636392	2.0554451e-05	0.96034306	1.3196115e-08	1.2129957e-09	3
TFRecord	1.2545897e-09	0.123922035	4.88026e-05	0.87602913	1.47481565e-08	1.2011381e-09	3
TFRecord	8.576044e-10	0.13272722	1.6873799e-05	0.86725587	1.4632266e-08	8.221005e-10	3
TFRecord	2.0579853e-09	0.029281959	2.0452113e-05	0.9706975	1.5317683e-08	1.955584e-09	3
TFRecord	3.4054387e-10	0.089067236	3.0317012e-06	0.91092974	6.8839823e-09	3.2791286e-10	3
TFRecord	5.006078e-10	0.12479091	2.1291757e-05	0.87518775	8.022659e-09	4.8095805e-10	3
TFRecord	4.644321e-10	0.2866956	9.3117615e-06	0.7132951	8.09034e-09	4.4718299e-10	3
TFRecord	1.3178091e-09	0.010925904	1.824737e-05	0.9890559	1.48523e-08	1.2875743e-09	3
TFRecord	8.0270035e-10	0.19142994	4.8616897e-05	0.80852145	1.2682953e-08	7.6844275e-10	3
TFRecord	1.2195208e-09	0.049847174	1.5016267e-05	0.9501378	1.1216003e-08	1.183462e-09	3
TFRecord	1.0956669e-09	0.073934056	8.210335e-05	0.92598385	1.1251259e-08	1.0548066e-09	3
TFRecord	7.801967e-10	0.052768767	7.944009e-05	0.9471518	1.7115438e-08	7.7855256e-10	3
TFRecord	6.986483e-10	0.43627486	8.076387e-06	0.56371707	1.520608e-08	6.739576e-10	3
TFRecord	5.2187615e-10	0.104760945	8.619898e-06	0.8952304	8.673045e-09	5.0062715e-10	3
TFRecord	3.126403e-10	0.17153686	6.6047937e-06	0.8284565	3.5265812e-09	2.992547e-10	3
TFRecord	9.877711e-10	0.12125812	7.527525e-05	0.8786666	1.1008087e-08	9.586415e-10	3
TFRecord	8.311954e-10	0.46414828	1.7622491e-05	0.5358341	1.910758e-08	8.035688e-10	3
TFRecord	9.237404e-10	0.416824	0.0001406679	0.58303535	2.007804e-08	8.901351e-10	3
TFRecord	6.166419e-10	0.2756683	1.8655192e-05	0.7243131	1.13916725e-08	5.9121175e-10	3
TFRecord	3.2672512e-10	0.22741969	3.8424237e-06	0.77257645	4.544124e-09	3.096866e-10	3
TFRecord	1.5439244e-09	0.33820197	0.0005193355	0.6612788	2.207129e-08	1.4891821e-09	3
TFRecord	1.0790849e-09	0.46871978	7.007174e-05	0.5312102	2.0132342e-08	1.0367269e-09	3
TFRecord	1.0317305e-09	0.28504148	1.5484124e-05	0.714943	1.6088146e-08	9.937888e-10	3
TFRecord	8.8276875e-10	0.5994734	3.3289845e-05	0.40049326	1.5225622e-08	8.457568e-10	1
TFRecord	3.252692e-09	0.13771507	8.777254e-05	0.8621972	2.416496e-08	3.0776608e-09	3
TFRecord	8.6612795e-10	0.4379471	3.45829e-05	0.56201833	1.4555416e-08	8.2956364e-10	3
TFRecord	2.6850027e-09	0.17048018	7.449868e-05	0.82944524	2.3195238e-08	2.569246e-09	3
TFRecord	2.1871394e-09	0.09549094	4.765685e-05	0.9044614	2.4544525e-08	2.1474804e-09	3
TFRecord	6.4747474e-10	0.04646322	7.012676e-05	0.95346665	1.1105598e-08	6.490202e-10	3
TFRecord	1.1201838e-09	0.21362226	6.11754e-05	0.7863165	1.5715749e-08	1.1063459e-09	3
TFRecord	1.5515876e-09	0.04349945	2.1647891e-05	0.9564789	1.4212943e-08	1.4641102e-09	3
TFRecord	4.3798853e-10	0.24364062	8.223973e-06	0.75635123	1.0548832e-08	4.2345047e-10	3
TFRecord	5.080439e-10	0.6652335	4.2361902e-05	0.33472413	9.552885e-09	4.910681e-10	1
TFRecord	1.4930034e-09	0.056374207	2.7408081e-05	0.94359845	1.3545843e-08	1.4185951e-09	3
TFRecord	1.5548682e-09	0.058132347	3.907016e-05	0.94182855	1.1592688e-08	1.4804573e-09	3
TFRecord	1.5589516e-09	0.13652164	0.00022103323	0.8632573	3.1377425e-08	1.5678497e-09	3
TFRecord	1.6857823e-09	0.051414404	3.8298684e-05	0.9485473	1.5489338e-08	1.5964046e-09	3
TFRecord	1.2951209e-09	0.041348245	3.148332e-05	0.95862025	1.18081065e-08	1.2288439e-09	3
TFRecord	1.5982119e-09	0.054372128	0.0012178716	0.94441	2.8187394e-08	1.6166132e-09	3
TFRecord	2.428623e-09	0.012289157	0.0011843482	0.9865264	3.5428325e-08	2.437747e-09	3
TFRecord	3.5861503e-10	0.20934232	1.488018e-05	0.7906428	4.9575677e-09	3.4107728e-10	3
TFRecord	1.0344473e-09	0.05725345	9.439321e-05	0.94265217	1.03120525e-08	9.864592e-10	3
TFRecord	1.4778583e-09	0.24862601	0.0009857103	0.75038826	1.84131e-08	1.4421844e-09	3
TFRecord	1.4399145e-09	0.009064747	0.0010548985	0.9898803	2.7823685e-08	1.4435445e-09	3
TFRecord	1.0561304e-09	0.4242493	0.0007640358	0.5749867	2.116489e-08	1.0115719e-09	3
TFRecord	8.1855706e-10	0.47473577	0.001040454	0.52422374	2.0783254e-08	7.8782647e-10	3
TFRecord	5.491485e-10	0.03063333	7.188714e-05	0.96929485	7.075622e-09	5.232022e-10	3
TFRecord	3.2817363e-10	0.00044329374	0.9868656	0.012691183	3.064097e-08	3.400614e-10	2
TFRecord	1.9075737e-09	0.0019466608	0.94983315	0.048220154	1.1528089e-07	1.8909572e-09	2
TFRecord	2.795303e-10	0.00041977808	0.9970072	0.0025730506	5.333777e-08	2.9405814e-10	2
TFRecord	7.867622e-10	0.0007967443	0.82301825	0.176185	2.5021247e-08	8.021404e-10	2
TFRecord	8.8989516e-10	0.00034758588	0.6605908	0.3390615	2.3411442e-08	9.2381736e-10	2
TFRecord	3.228958e-10	0.00010256576	0.88651186	0.113385454	1.1867679e-08	3.4024938e-10	2
TFRecord	3.295008e-10	0.000517392	0.96932966	0.03015293	1.4437733e-08	3.4016717e-10	2
TFRecord	2.902991e-10	0.000519989	0.9722034	0.02727657	1.222989e-08	2.986465e-10	2
TFRecord	5.221347e-10	0.00028225116	0.9766162	0.02310155	4.4872518e-08	5.353494e-10	2
TFRecord	3.5355702e-10	0.00019509082	0.9513946	0.048410304	1.701604e-08	3.6748546e-10	2
TFRecord	4.727067e-10	0.00053671317	0.90494555	0.0945178	1.50845e-08	4.818297e-10	2
TFRecord	8.9540854e-11	0.0002032604	0.9991685	0.00062830374	1.6485506e-08	9.451575e-11	2
TFRecord	2.1242903e-10	0.0005132669	0.98726636	0.012220363	1.0351038e-08	2.2046359e-10	2
TFRecord	5.036484e-11	9.620916e-05	0.99831843	0.0015854753	5.2349227e-09	5.3974866e-11	2
TFRecord	5.9553745e-10	0.0006345797	0.9909785	0.008386904	4.6474593e-08	6.0775845e-10	2
TFRecord	7.1307094e-10	0.000659199	0.9892769	0.010063911	3.622242e-08	7.2195133e-10	2
TFRecord	1.2308977e-09	0.0003253605	0.7617879	0.2378867	2.4544839e-08	1.2980454e-09	2
TFRecord	4.1785634e-11	6.486327e-05	0.99884427	0.0010908464	4.811575e-09	4.540877e-11	2
TFRecord	5.8808414e-10	6.887763e-05	0.88971305	0.11021808	1.7516484e-08	6.2649486e-10	2
TFRecord	1.7860151e-10	2.995339e-05	0.9689058	0.031064322	7.145188e-09	1.9426245e-10	2
TFRecord	1.2052984e-10	0.00015141825	0.9945949	0.0052537345	6.262955e-09	1.2534865e-10	2
TFRecord	3.0895825e-10	0.00028628038	0.9514142	0.04829952	1.0831554e-08	3.1954303e-10	2
TFRecord	9.613744e-11	1.5434585e-05	0.9770946	0.022889933	4.351804e-09	1.0589107e-10	2
TFRecord	9.459542e-10	0.00020057781	0.9445486	0.055250905	1.35590685e-08	9.596566e-10	2
TFRecord	9.040515e-10	0.00013176342	0.76953083	0.2303374	1.6810402e-08	9.649936e-10	2
TFRecord	1.2226152e-10	0.000110955916	0.98336387	0.016525086	7.823567e-09	1.3031563e-10	2
TFRecord	2.8784164e-10	0.0002400047	0.9627883	0.036971662	9.211939e-09	2.9770975e-10	2
TFRecord	2.3535702e-09	0.00056560565	0.89652073	0.102913775	2.6074378e-08	2.3625835e-09	2
TFRecord	2.352432e-10	0.00024587492	0.9354539	0.064300254	7.559196e-09	2.458092e-10	2
TFRecord	5.0683674e-10	0.000184919	0.9922879	0.007527256	4.6669513e-08	5.284613e-10	2
TFRecord	6.198925e-10	0.0001045266	0.968568	0.03132745	1.06182565e-08	6.3747035e-10	2
TFRecord	3.3721176e-10	5.1392362e-05	0.9324371	0.06751158	1.0766399e-08	3.6651845e-10	2
TFRecord	7.9263984e-11	2.0942785e-05	0.9841234	0.015855575	3.6466805e-09	8.5961176e-11	2
TFRecord	1.5484199e-10	8.34319e-05	0.97047406	0.029442566	6.108875e-09	1.6322009e-10	2
TFRecord	5.017097e-10	5.802447e-05	0.81475663	0.18518537	1.1473526e-08	5.46849e-10	2
TFRecord	1.0909692e-10	1.4892222e-05	0.9684305	0.031554643	3.8719423e-09	1.1977498e-10	2
TFRecord	7.627897e-11	7.515335e-05	0.99665195	0.00327282	9.060763e-09	8.1039175e-11	2
TFRecord	7.554058e-11	2.185501e-05	0.9917219	0.008256228	4.5723794e-09	8.1421425e-11	2
TFRecord	9.015166e-11	2.6345779e-05	0.9854285	0.0145451585	5.3498175e-09	9.6039544e-11	2
TFRecord	1.8538089e-10	0.00012218949	0.96296704	0.036910776	6.6159944e-09	1.9387772e-10	2
TFRecord	1.8262254e-10	0.00013590965	0.9747853	0.025078703	6.7264563e-09	1.8971022e-10	2
TFRecord	7.844305e-11	2.2188915e-05	0.9947267	0.0052511524	4.680115e-09	8.518015e-11	2
TFRecord	5.87282e-11	3.6308782e-05	0.99711907	0.002844705	4.4114072e-09	6.370037e-11	2
TFRecord	2.8615146e-10	6.8191126e-05	0.9703179	0.029613843	9.900104e-09	3.0644226e-10	2
TFRecord	9.194461e-11	7.92935e-05	0.994042	0.00587878	4.974218e-09	9.660556e-11	2
TFRecord	9.7911436e-11	8.257805e-05	0.99889934	0.0010180754	1.3048592e-08	1.0390305e-10	2
TFRecord	6.859039e-11	5.6511504e-05	0.99893206	0.0010114206	9.909501e-09	7.273082e-11	2
TFRecord	5.4163864e-11	5.4661465e-05	0.99890625	0.0010390463	6.9410557e-09	5.791571e-11	2
TFRecord	1.1072858e-10	4.0011255e-05	0.99353	0.0064300536	6.0781e-09	1.1814255e-10	2
TFRecord	6.996137e-11	8.326165e-05	0.99952114	0.0003955332	8.569861e-09	7.4439406e-11	2
TFRecord	6.968529e-11	0.00014594657	0.99810374	0.0017502379	4.1719908e-09	7.378183e-11	2
TFRecord	2.3655536e-10	0.00021628133	0.99951565	0.00026809968	1.851184e-08	2.3946115e-10	2
TFRecord	1.8666448e-10	0.00019145102	0.9983365	0.0014720422	1.7716388e-08	1.9499126e-10	2
TFRecord	5.87921e-11	1.3603322e-05	0.9928322	0.0071542053	3.003778e-09	6.374438e-11	2
TFRecord	8.385499e-11	0.00013130053	0.9973037	0.0025649834	1.0158646e-08	8.966229e-11	2
TFRecord	5.490159e-10	0.00016739762	0.9406532	0.059179414	1.3015434e-08	5.823713e-10	2
TFRecord	1.315716e-10	5.1089206e-05	0.98538566	0.0145631805	5.590737e-09	1.3952903e-10	2
TFRecord	2.2697774e-10	0.00019301439	0.99903727	0.0007697142	2.1427672e-08	2.3281155e-10	2
TFRecord	1.785539e-10	3.86094e-05	0.9886515	0.011309883	7.821203e-09	1.9186168e-10	2
TFRecord	6.057072e-11	0.00012527229	0.9996346	0.00024016535	9.9132365e-09	6.34766e-11	2
TFRecord	4.520204e-11	8.855374e-05	0.99910647	0.00080492505	3.4083767e-09	4.8383193e-11	2
TFRecord	3.90296e-11	7.736062e-05	0.99985194	7.073121e-05	1.0430061e-08	4.2008078e-11	2
TFRecord	1.9842705e-10	0.000124627	0.9983986	0.0014767395	2.1705398e-08	2.0724694e-10	2
TFRecord	7.8722096e-10	0.00019335095	0.98674566	0.013060978	1.558679e-08	7.9393714e-10	2
TFRecord	7.954471e-11	4.539039e-05	0.99872833	0.0012263246	1.2697021e-08	8.4370844e-11	2
TFRecord	6.277134e-11	6.8309615e-05	0.99894696	0.0009846529	4.6553525e-09	6.5446266e-11	2
TFRecord	4.648136e-11	2.1803045e-05	0.999479	0.0004992128	6.996143e-09	4.9989877e-11	2
TFRecord	5.5385422e-11	0.00012263797	0.99902225	0.0008550979	4.021782e-09	5.9143204e-11	2
TFRecord	2.7651795e-10	6.28613e-05	0.95723057	0.042706486	8.208046e-09	2.9983235e-10	2
TFRecord	3.3796055e-10	0.0001441858	0.9835526	0.016303139	1.5872573e-08	3.5659137e-10	2
TFRecord	2.7686642e-10	0.00021093847	0.9982109	0.0015780679	3.1468275e-08	2.8527394e-10	2
TFRecord	3.9787443e-10	0.00025340635	0.99736506	0.0023816258	4.4327088e-08	4.0743872e-10	2
TFRecord	4.995737e-10	0.0002955868	0.9948225	0.004881967	5.589089e-08	5.156226e-10	2
TFRecord	3.743383e-10	0.00010306043	0.94792736	0.051969655	1.1545114e-08	4.017933e-10	2
TFRecord	1.1684081e-10	4.7896814e-05	0.9964663	0.003485827	1.3182662e-08	1.2480342e-10	2
TFRecord	1.5444288e-10	0.00015200456	0.9977131	0.0021348987	2.6363052e-08	1.6346212e-10	2
TFRecord	1.02342364e-10	4.542672e-05	0.9873883	0.012566246	6.1495937e-09	1.08590824e-10	2
TFRecord	6.2390165e-10	0.00014149515	0.8768693	0.122989126	1.5188204e-08	6.7507866e-10	2
TFRecord	2.4726518e-10	0.00012190111	0.99025166	0.009626406	2.8050447e-08	2.6149655e-10	2
TFRecord	4.7133175e-10	0.00038445144	0.9943334	0.005282224	3.751043e-08	4.870007e-10	2
TFRecord	2.3298172e-10	4.9118116e-05	0.9241084	0.07584249	8.125849e-09	2.566727e-10	2
TFRecord	2.81848e-10	0.000116167335	0.95116603	0.04871779	1.6914402e-08	3.0413885e-10	2
TFRecord	2.085454e-10	5.6343553e-05	0.9449738	0.054969937	9.918134e-09	2.2488789e-10	2
TFRecord	4.375874e-10	0.00037547358	0.99242145	0.007203049	3.3614953e-08	4.5588766e-10	2
TFRecord	4.1309053e-10	0.00010774931	0.9356532	0.06423911	1.7288448e-08	4.4759804e-10	2
TFRecord	2.3840507e-10	0.000100478646	0.98951834	0.010381204	3.3375887e-08	2.5488545e-10	2
TFRecord	3.9310083e-10	0.0008338291	0.92051315	0.07865299	1.9833632e-08	4.1268494e-10	2
TFRecord	1.3933821e-10	0.00025004795	0.99079543	0.008954573	9.987527e-09	1.4622643e-10	2
TFRecord	4.5589077e-10	0.00030754856	0.989778	0.009914453	4.9728182e-08	4.8210846e-10	2
TFRecord	1.4696809e-10	0.00024460498	0.9856355	0.014119854	1.0259624e-08	1.5472583e-10	2
TFRecord	3.5406628e-10	0.00024063299	0.98019683	0.01956256	2.3598206e-08	3.7686704e-10	2
TFRecord	5.042534e-10	0.00029520053	0.96634775	0.033356916	3.241593e-08	5.324535e-10	2
TFRecord	1.6773417e-10	0.00010166292	0.98937535	0.010522961	2.152064e-08	1.8012626e-10	2
TFRecord	5.032274e-10	0.00032351798	0.99101126	0.0086652115	5.968564e-08	5.2709725e-10	2
TFRecord	1.5112044e-10	0.00010420905	0.9900115	0.009884313	1.9520384e-08	1.6245481e-10	2
TFRecord	2.5315494e-09	0.0041997256	0.03033153	0.9654686	9.368646e-08	2.743582e-09	3
TFRecord	5.011456e-09	0.0030474013	0.12373614	0.8732164	1.03696145e-07	5.2738245e-09	3
TFRecord	2.4701605e-09	0.0018137445	0.038150027	0.9600361	7.4087296e-08	2.686238e-09	3
TFRecord	2.8104001e-09	0.005260174	0.025494952	0.9692448	1.1157346e-07	2.9757943e-09	3
TFRecord	1.0371376e-09	0.0022760904	0.0070144036	0.99070954	2.4107102e-08	1.059944e-09	3
TFRecord	2.2134894e-09	0.0033109828	0.02141393	0.97527504	5.324939e-08	2.3001903e-09	3
TFRecord	5.73249e-09	0.012165772	0.08661923	0.9012148	2.3711561e-07	6.179649e-09	3
TFRecord	4.1736198e-10	0.0010077407	0.00060308	0.99838924	8.663142e-09	4.441058e-10	3
TFRecord	1.0507005e-08	0.18725446	0.03730625	0.77543896	3.2263904e-07	1.0873895e-08	3
TFRecord	6.22809e-09	0.028213449	0.025233442	0.946553	1.14900104e-07	6.4605574e-09	3
TFRecord	4.8937343e-09	0.014107694	0.014698214	0.9711939	8.481334e-08	5.021658e-09	3
TFRecord	1.2199937e-09	0.0024028432	0.0029333152	0.99466383	2.5587997e-08	1.2804606e-09	3
TFRecord	1.13296945e-08	0.30760515	0.027134215	0.66526026	3.386655e-07	1.1528212e-08	3
TFRecord	1.1662487e-08	0.13533358	0.0089558605	0.85571027	2.7822733e-07	1.1901494e-08	3
TFRecord	2.6084028e-09	0.004554454	0.014524862	0.9809207	5.3491277e-08	2.690951e-09	3
TFRecord	8.8732e-09	0.032809205	0.061219458	0.90597117	2.107596e-07	9.289425e-09	3
TFRecord	1.9501728e-08	0.20931396	0.039055947	0.7516294	7.163525e-07	2.0230027e-08	3
TFRecord	1.1821768e-08	0.24518894	0.023667034	0.7311436	3.903647e-07	1.2222648e-08	3
TFRecord	4.773227e-09	0.030609623	0.005252442	0.9641378	8.2564995e-08	4.8364712e-09	3
TFRecord	1.6940329e-09	0.0039428645	0.003118005	0.9929391	4.8611618e-08	1.8167943e-09	3
TFRecord	1.6386759e-09	0.002281174	0.006830025	0.99088883	4.127065e-08	1.7648459e-09	3
TFRecord	5.3759436e-10	0.00046536684	0.0015152525	0.99801934	1.1614867e-08	5.698427e-10	3
TFRecord	2.2448197e-09	0.007322803	0.003711138	0.98896605	3.9243858e-08	2.3614386e-09	3
TFRecord	1.27429525e-08	0.07353482	0.1289244	0.7975403	4.4663045e-07	1.3358959e-08	3
TFRecord	8.328946e-09	0.04336497	0.0776169	0.87901795	2.4955884e-07	8.54287e-09	3
TFRecord	1.4072663e-08	0.53307664	0.045123324	0.4217997	3.8815037e-07	1.4117965e-08	1
TFRecord	8.543057e-09	0.029995738	0.095803946	0.8742	3.3779668e-07	9.000371e-09	3
TFRecord	2.8042672e-08	0.50897783	0.1246157	0.3664053	1.085434e-06	2.8616826e-08	1
TFRecord	3.5140526e-09	0.00902255	0.008994255	0.98198307	7.1544505e-08	3.7239956e-09	3
TFRecord	9.945504e-09	0.034233358	0.09907772	0.86668855	3.9251387e-07	1.0317022e-08	3
TFRecord	4.6365454e-09	0.022441175	0.00908268	0.968476	9.596976e-08	4.862052e-09	3
TFRecord	1.1810243e-08	0.054370042	0.13898636	0.8066433	3.3232712e-07	1.2066103e-08	3
TFRecord	1.5013754e-08	0.0644992	0.095005535	0.84049445	7.5837164e-07	1.5746767e-08	3
TFRecord	1.1984994e-08	0.15557893	0.017690571	0.82673025	2.4540319e-07	1.2011976e-08	3
TFRecord	1.0948216e-09	0.002084289	0.0035087608	0.99440694	2.6486223e-08	1.130047e-09	3
TFRecord	1.46503165e-08	0.08632629	0.24135461	0.6723186	5.7880914e-07	1.51917e-08	3
TFRecord	1.8920788e-08	0.16875365	0.09026588	0.74098	4.402059e-07	1.9023412e-08	3
TFRecord	1.4035158e-08	0.7035523	0.03700293	0.2594442	5.7934744e-07	1.4261074e-08	1
TFRecord	2.2782242e-08	0.18275201	0.1233922	0.69385517	5.721785e-07	2.3174932e-08	3
TFRecord	1.8508908e-08	0.14453684	0.20062526	0.6548373	5.4956183e-07	1.8874433e-08	3
TFRecord	2.8722371e-09	0.00627507	0.010161034	0.9835638	6.653603e-08	3.0163259e-09	3
TFRecord	2.2781848e-08	0.5123364	0.17935087	0.30831182	9.19483e-07	2.3201334e-08	1
TFRecord	1.3211618e-08	0.030540353	0.1316167	0.83784264	2.945609e-07	1.3401841e-08	3
TFRecord	6.929865e-09	0.01825907	0.011656437	0.9700844	1.6518307e-07	7.3031914e-09	3
TFRecord	1.8844682e-08	0.21585636	0.058735907	0.72540724	3.942898e-07	1.8920172e-08	3
TFRecord	7.250622e-09	0.04093958	0.03918906	0.9198712	1.5921351e-07	7.2543562e-09	3
TFRecord	4.05781e-09	0.0051014386	0.0048187277	0.99007976	9.1324985e-08	4.2733475e-09	3
TFRecord	2.7443217e-09	0.007995762	0.006483918	0.9855203	5.1222425e-08	2.7881715e-09	3
TFRecord	2.6577371e-08	0.3523517	0.27673513	0.3709123	7.711175e-07	2.7015632e-08	3
TFRecord	3.2083378e-08	0.39108992	0.20653784	0.40237108	1.1445518e-06	3.2730522e-08	3
TFRecord	2.8912423e-08	0.18994	0.21933529	0.59072405	5.81777e-07	2.9260207e-08	3
TFRecord	1.22991475e-08	0.0296579	0.25212002	0.7182218	2.9687735e-07	1.276915e-08	3
TFRecord	8.3742355e-09	0.040195473	0.021705193	0.9380991	1.7466401e-07	8.718546e-09	3
TFRecord	1.2785905e-08	0.04907525	0.19712897	0.75379544	3.8367264e-07	1.3260541e-08	3
TFRecord	6.854442e-09	0.029051507	0.038588304	0.9323599	2.0375805e-07	7.1827904e-09	3
TFRecord	2.412111e-09	0.0070813494	0.0074655702	0.98545307	4.7736282e-08	2.4483864e-09	3
TFRecord	2.3957387e-09	0.0055382834	0.007132365	0.98732936	4.5695277e-08	2.4398426e-09	3
TFRecord	3.8692347e-09	0.004934887	0.008269667	0.9867953	9.4803674e-08	4.072642e-09	3
TFRecord	9.0939185e-09	0.02680385	0.07370749	0.89948857	1.602384e-07	9.1446735e-09	3
TFRecord	1.4360317e-08	0.28863478	0.025964115	0.6854007	2.9240746e-07	1.41946925e-08	3
TFRecord	7.4030084e-09	0.014930624	0.053774517	0.9312948	1.376202e-07	7.464772e-09	3
TFRecord	1.86551e-08	0.03981065	0.31358686	0.64660215	3.8381614e-07	1.9233296e-08	3
TFRecord	9.973583e-09	0.024065468	0.06197668	0.9139577	1.563011e-07	9.932539e-09	3
TFRecord	2.0543716e-08	0.5179219	0.1691421	0.31293556	4.2608087e-07	2.049667e-08	1
TFRecord	1.8316177e-08	0.043729175	0.2237176	0.7325526	5.3719083e-07	1.9104132e-08	3
TFRecord	2.0288715e-08	0.028027084	0.06380319	0.9081694	3.2281434e-07	2.106263e-08	3
TFRecord	8.550097e-09	0.017450245	0.035468217	0.94708145	1.5381173e-07	8.664985e-09	3
TFRecord	1.2837069e-08	0.01688587	0.03236594	0.95074785	2.9928617e-07	1.33050255e-08	3
TFRecord	2.3477549e-08	0.5826263	0.30309892	0.11427423	6.042469e-07	2.392184e-08	1
TFRecord	2.107677e-08	0.48674065	0.4338369	0.07942194	4.5674662e-07	2.1753864e-08	1
TFRecord	1.601369e-08	0.8348078	0.06529214	0.09989969	3.987363e-07	1.630395e-08	1
TFRecord	2.3458444e-08	0.6234298	0.30760005	0.06896952	6.3634735e-07	2.440702e-08	1
TFRecord	3.7098683e-08	0.046830032	0.38948292	0.5636861	7.896161e-07	3.8940538e-08	3
TFRecord	2.4503894e-08	0.05744085	0.6448506	0.29770774	7.358617e-07	2.5881173e-08	2
TFRecord	3.164902e-08	0.51346636	0.29588977	0.1906433	5.044582e-07	3.2427067e-08	1
TFRecord	3.957596e-08	0.045802694	0.34631076	0.60788566	7.724643e-07	4.167444e-08	3
TFRecord	3.647359e-08	0.08684763	0.36729303	0.5458587	5.693216e-07	3.7575013e-08	3
TFRecord	4.5883574e-08	0.23373538	0.31573963	0.45052433	6.4272353e-07	4.752282e-08	3
TFRecord	2.2050532e-08	0.026451347	0.74949664	0.22405154	4.3708445e-07	2.3212396e-08	2
TFRecord	4.5592657e-08	0.05563007	0.35576358	0.5886054	8.591177e-07	4.82691e-08	3
TFRecord	4.0426794e-08	0.065453514	0.39541095	0.53913456	8.619001e-07	4.2547015e-08	3
TFRecord	4.132408e-08	0.060641535	0.22755633	0.7118009	1.1889662e-06	4.399244e-08	3
TFRecord	3.3902523e-08	0.055832528	0.5850482	0.35911843	7.0006735e-07	3.488489e-08	2
TFRecord	3.2823426e-08	0.47662875	0.39461678	0.12875372	6.727961e-07	3.4376544e-08	1
TFRecord	2.7678324e-08	0.034416456	0.4824593	0.48312324	8.762374e-07	2.9455668e-08	3
TFRecord	3.065706e-08	0.64423555	0.28997305	0.0657904	9.088607e-07	3.2344566e-08	1
TFRecord	2.6768268e-08	0.040770758	0.6420246	0.31720415	5.23564e-07	2.731529e-08	2
TFRecord	3.6279268e-08	0.13428557	0.53221226	0.33350092	1.1375774e-06	3.8725812e-08	2
TFRecord	2.8561097e-08	0.06849724	0.702591	0.22891116	5.7160827e-07	3.0361115e-08	2
TFRecord	2.019533e-08	0.46283674	0.47960532	0.057557438	4.6920346e-07	2.1397469e-08	2
TFRecord	1.1357951e-08	0.9225747	0.04338637	0.034038506	4.1344734e-07	1.18282095e-08	1
TFRecord	3.6256257e-08	0.69562984	0.18356003	0.12080909	1.0656505e-06	3.780712e-08	1
TFRecord	3.993793e-08	0.065414526	0.30112255	0.63346183	9.4696486e-07	4.1979074e-08	3
TFRecord	3.2672332e-08	0.05372065	0.20391312	0.7423655	6.918794e-07	3.3993164e-08	3
TFRecord	2.7741219e-08	0.033116717	0.4860643	0.48081812	8.4968997e-07	2.9657716e-08	2
TFRecord	7.761969e-07	0.44484112	0.13836482	0.4167833	9.266577e-06	7.803199e-07	1
TFRecord	2.5123845e-07	0.33958042	0.4474844	0.21293153	3.211693e-06	2.544255e-07	2
TFRecord	2.1485027e-07	0.25911865	0.47023717	0.27064085	2.7831452e-06	2.278511e-07	2
TFRecord	6.817193e-07	0.27963772	0.14376085	0.57658976	1.0351041e-05	6.9966916e-07	3
TFRecord	3.67307e-07	0.14973141	0.5739748	0.2762887	4.3549976e-06	3.7355267e-07	2
TFRecord	4.3050358e-07	0.32475516	0.3878568	0.28738216	4.9548034e-06	4.3838702e-07	2
TFRecord	3.829331e-07	0.10124319	0.48333994	0.41541207	4.19017e-06	3.8673824e-07	2
TFRecord	2.3851533e-07	0.12979709	0.41555476	0.45464516	2.5147558e-06	2.5253266e-07	3
TFRecord	5.36911e-07	0.18205008	0.26756898	0.55037314	6.6741154e-06	5.453577e-07	3
TFRecord	3.9240376e-07	0.32502106	0.40096158	0.2740119	4.7224516e-06	4.0076077e-07	2
TFRecord	1.0052469e-07	0.2516509	0.5298591	0.21848874	1.0347289e-06	1.08037476e-07	2
TFRecord	4.6404023e-07	0.14488447	0.40372646	0.45138332	4.884698e-06	4.652629e-07	3
TFRecord	3.5941963e-07	0.14483468	0.4034043	0.45175627	4.0737623e-06	3.632224e-07	3
TFRecord	6.302664e-07	0.11313924	0.5532616	0.33359325	4.7347585e-06	6.249044e-07	2
TFRecord	7.5024894e-07	0.14574616	0.44170788	0.41253886	5.5897813e-06	7.447002e-07	2
TFRecord	2.9929245e-07	0.11988725	0.3301619	0.5499464	3.828113e-06	3.0371586e-07	3
TFRecord	2.3750269e-07	0.14745559	0.17160408	0.6809368	3.1111324e-06	2.456024e-07	3
TFRecord	4.4022107e-07	0.23222671	0.36658323	0.40118578	3.300748e-06	4.4973407e-07	3
TFRecord	3.4345862e-07	0.06359073	0.27122366	0.6651812	3.715418e-06	3.4675438e-07	3
TFRecord	2.3450318e-07	0.15407439	0.28751016	0.5584128	2.1378664e-06	2.4463574e-07	3
TFRecord	4.346024e-07	0.065498374	0.2651134	0.6693826	4.8165352e-06	4.3637166e-07	3
TFRecord	3.0930204e-07	0.29132533	0.37454334	0.3341275	3.2335208e-06	3.225315e-07	2
TFRecord	3.8767553e-07	0.024946904	0.30485967	0.6701878	4.90829e-06	3.9074368e-07	3
TFRecord	3.9091833e-07	0.21974266	0.13804549	0.64220786	3.1453358e-06	3.971236e-07	3
TFRecord	5.05791e-07	0.10555106	0.0983859	0.79605424	7.789841e-06	5.182518e-07	3
TFRecord	1.3178165e-07	0.36885118	0.1675893	0.46355793	1.2930778e-06	1.3814444e-07	3
TFRecord	4.4504986e-07	0.18987884	0.23847276	0.57164353	3.977547e-06	4.5034324e-07	3
TFRecord	3.3149874e-07	0.22892568	0.35939732	0.411673	3.366438e-06	3.4364658e-07	3
TFRecord	2.740484e-07	0.060095005	0.24238342	0.6975173	3.703604e-06	2.7974792e-07	3
TFRecord	1.5493113e-07	0.09052365	0.3268494	0.582624	2.6081448e-06	1.6390416e-07	3
TFRecord	4.1416044e-07	0.055264656	0.09801272	0.84671766	4.1195863e-06	4.2102286e-07	3
TFRecord	2.522777e-07	0.2884682	0.26624084	0.44528797	2.5316717e-06	2.6436257e-07	3
TFRecord	4.3974563e-07	0.25244972	0.26905262	0.4784871	9.678538e-06	4.593414e-07	3
TFRecord	3.292668e-07	0.27299094	0.23668958	0.4903153	3.477696e-06	3.3971142e-07	3
TFRecord	1.9560106e-07	0.06574193	0.19188306	0.74237245	2.1960027e-06	2.035734e-07	3
TFRecord	4.2112765e-07	0.08208304	0.11820408	0.7997082	3.7839263e-06	4.2724002e-07	3
TFRecord	1.9164001e-07	0.08372961	0.27811787	0.6381487	3.3506021e-06	2.0018133e-07	3
TFRecord	1.3378097e-07	0.3789576	0.17821899	0.4428218	1.3314922e-06	1.4212878e-07	3
TFRecord	3.5902295e-07	0.040090527	0.1034474	0.8564575	3.7399814e-06	3.659372e-07	3
TFRecord	3.049787e-07	0.07926563	0.21623673	0.70449305	3.9489255e-06	3.1007815e-07	3
TFRecord	1.5050938e-07	0.054134578	0.35905007	0.58681244	2.588952e-06	1.5693603e-07	3
TFRecord	4.284541e-07	0.15183905	0.22716671	0.6209898	3.5693797e-06	4.3006781e-07	3
TFRecord	1.9573571e-07	0.4178572	0.21231368	0.3698269	1.7963217e-06	2.0678857e-07	1
TFRecord	2.073865e-07	0.3277369	0.23909459	0.43316618	1.8310883e-06	2.1809538e-07	3
TFRecord	3.6898712e-07	0.1718249	0.44871426	0.37945628	3.781088e-06	3.8093683e-07	2
TFRecord	1.4172292e-07	0.09740081	0.16986257	0.732735	1.3460653e-06	1.4777312e-07	3
TFRecord	1.9227693e-07	0.29265338	0.18771748	0.5196268	1.9236468e-06	2.0055701e-07	3
TFRecord	2.977247e-07	0.06092035	0.2953225	0.6437531	3.4900133e-06	3.0452992e-07	3
TFRecord	2.6163607e-07	0.38347125	0.12706067	0.48946398	3.610542e-06	2.760596e-07	3
TFRecord	4.0929146e-07	0.07108928	0.08314977	0.8457538	6.3098782e-06	4.2566683e-07	3
TFRecord	3.0035855e-07	0.24260712	0.14966981	0.60771984	2.5835068e-06	3.063022e-07	3
TFRecord	1.8970155e-07	0.31109262	0.18897626	0.4999287	2.0111859e-06	1.9870107e-07	3
TFRecord	2.5247442e-07	0.03753856	0.17861007	0.783848	2.9226899e-06	2.5727533e-07	3
TFRecord	1.8596505e-07	0.22383526	0.21752067	0.55864197	1.757579e-06	1.9558104e-07	3
TFRecord	1.0921022e-07	0.3740139	0.21451548	0.41146904	1.3483715e-06	1.1599143e-07	3
TFRecord	1.667206e-07	0.13645703	0.1861437	0.6773973	1.58978e-06	1.7380731e-07	3
TFRecord	4.0105655e-07	0.1940596	0.21159387	0.5943427	3.0281033e-06	4.0866027e-07	3
TFRecord	2.8028086e-07	0.24908632	0.31069925	0.44021058	3.2354271e-06	2.9188823e-07	3
TFRecord	3.0467186e-07	0.09106554	0.32329232	0.5856379	3.6490276e-06	3.096622e-07	3
TFRecord	2.3927973e-07	0.023285212	0.22245312	0.75425786	3.2105834e-06	2.467877e-07	3
TFRecord	2.3832177e-07	0.21372405	0.30079693	0.4854755	3.0997899e-06	2.482663e-07	3
TFRecord	2.1638292e-07	0.12524569	0.47281	0.4019408	3.1267627e-06	2.2390493e-07	2
TFRecord	2.0461222e-07	0.12701647	0.20470224	0.66827774	2.9877633e-06	2.1563964e-07	3
TFRecord	3.4948383e-07	0.3686888	0.19610758	0.43519658	6.301724e-06	3.698403e-07	3
TFRecord	4.182189e-07	0.13468593	0.24369498	0.6216119	6.3930397e-06	4.3120784e-07	3
TFRecord	2.7253043e-07	0.35459712	0.27124944	0.37415025	2.6574662e-06	2.8746928e-07	3
TFRecord	3.0342318e-07	0.29927757	0.25490355	0.44581532	2.9323828e-06	3.1848006e-07	3
TFRecord	4.3209235e-07	0.2673238	0.29131937	0.44135192	4.112151e-06	4.432005e-07	3
TFRecord	4.7642624e-07	0.29792172	0.42560375	0.27646866	4.8833763e-06	5.005868e-07	2
TFRecord	7.6899875e-07	0.20777747	0.4837492	0.30846512	6.5956765e-06	7.8521504e-07	2
TFRecord	7.391445e-07	0.08641838	0.37618446	0.53738904	6.5919644e-06	7.404236e-07	3
TFRecord	4.2755923e-07	0.3409569	0.41969484	0.2393408	6.6437024e-06	4.417629e-07	2
TFRecord	2.3700709e-07	0.094428934	0.40484318	0.5007236	3.8886587e-06	2.5022626e-07	3
TFRecord	4.3773295e-07	0.06325778	0.29282618	0.6439096	5.5476944e-06	4.4971378e-07	3
TFRecord	2.5207788e-07	0.21458593	0.3534464	0.4319643	2.7609258e-06	2.719331e-07	3
TFRecord	3.2978818e-07	0.29808536	0.41909063	0.28281805	5.3398944e-06	3.4778867e-07	2
TFRecord	1.0960266e-07	0.24458745	0.34851164	0.4068992	1.447885e-06	1.2021873e-07	3
TFRecord	2.689623e-07	0.2462646	0.5770179	0.17671166	5.2770133e-06	2.8664792e-07	2
TFRecord	1.6818122e-07	0.26261812	0.4265002	0.31087935	1.9810382e-06	1.8355144e-07	2
TFRecord	3.0545337e-07	0.11053689	0.64357066	0.24588715	4.5970564e-06	3.1813266e-07	2
TFRecord	7.5232185e-07	0.1205389	0.31803185	0.56142116	6.59472e-06	7.779951e-07	3
TFRecord	3.2948938e-07	0.25082687	0.3897842	0.35938475	3.5410274e-06	3.5829473e-07	2
TFRecord	1.8191533e-07	0.26404983	0.44853872	0.28740868	2.3106402e-06	1.983791e-07	2
TFRecord	1.2454403e-07	0.19564264	0.4016266	0.4027289	1.7471949e-06	1.3599352e-07	3
TFRecord	6.5849804e-07	0.13969246	0.22282323	0.63747245	1.0538481e-05	6.983239e-07	3
TFRecord	2.3203695e-07	0.21463677	0.46148747	0.32387236	3.012233e-06	2.552781e-07	2
TFRecord	6.786986e-07	0.09550392	0.3482415	0.55624634	6.8276286e-06	7.125348e-07	3
TFRecord	3.2338974e-07	0.17629705	0.6452108	0.178487	4.44637e-06	3.548187e-07	2
TFRecord	3.5522183e-07	0.33040422	0.4230253	0.24656488	4.7044196e-06	3.845005e-07	2
TFRecord	3.0340544e-07	0.03494543	0.59379447	0.37125412	5.2768128e-06	3.1993568e-07	2
TFRecord	4.1017765e-07	0.06456858	0.57770514	0.3577185	6.9011708e-06	4.335737e-07	2
TFRecord	2.2364944e-07	0.2844031	0.51907754	0.19651519	3.6885392e-06	2.3599118e-07	2
TFRecord	2.308205e-07	0.26631755	0.58970714	0.14397107	3.7645182e-06	2.425888e-07	2
TFRecord	6.36765e-07	0.27065626	0.43362403	0.29571223	6.1943606e-06	6.704855e-07	2
TFRecord	3.352828e-07	0.18054962	0.55568826	0.26375613	5.3664185e-06	3.50119e-07	2
TFRecord	4.944411e-10	0.00011435004	0.9996797	0.00020594298	2.2314554e-08	5.246279e-10	2
TFRecord	1.7009719e-09	0.014768321	0.9851146	0.000117008654	1.0128597e-07	1.7947451e-09	2
TFRecord	7.646954e-09	0.012750245	0.98567146	0.0015779858	2.5909e-07	7.535812e-09	2
TFRecord	5.59037e-10	0.00023582524	0.99966466	9.947468e-05	3.2907902e-08	6.030237e-10	2
TFRecord	1.3716869e-09	0.0069818012	0.99296016	5.7911777e-05	9.259257e-08	1.4392412e-09	2
TFRecord	1.0146674e-09	0.00089909823	0.9989372	0.0001637008	4.7647347e-08	1.0890173e-09	2
TFRecord	4.8424416e-09	0.0137132285	0.98548144	0.00080521323	1.5929572e-07	4.943133e-09	2
TFRecord	1.2606285e-09	0.00094776513	0.9988753	0.00017679155	6.0070064e-08	1.3296872e-09	2
TFRecord	2.2409148e-10	0.00030717463	0.99967456	1.8285413e-05	1.4554222e-08	2.4713429e-10	2
TFRecord	9.5428575e-11	1.1149686e-05	0.99987054	0.00011822863	5.9193366e-09	1.0622197e-10	2
TFRecord	9.234392e-11	1.1191304e-05	0.999956	3.277399e-05	5.9009713e-09	1.0321572e-10	2
TFRecord	2.6010655e-10	0.00041707364	0.9995741	8.877139e-06	2.6612376e-08	2.8534333e-10	2
TFRecord	2.2010578e-10	0.0005353208	0.9994593	5.325243e-06	2.4218867e-08	2.4347743e-10	2
TFRecord	1.0651143e-10	1.4245829e-05	0.999933	5.268512e-05	6.453293e-09	1.1776727e-10	2
TFRecord	3.1556626e-09	0.0043324833	0.9952798	0.00038750077	2.1288092e-07	3.3545753e-09	2
TFRecord	8.041045e-10	0.0003057482	0.999569	0.00012526	5.413449e-08	8.5507224e-10	2
TFRecord	1.7418912e-09	0.0069877054	0.99287343	0.00013868677	9.100926e-08	1.8829627e-09	2
TFRecord	3.0119442e-09	0.0063974136	0.9932724	0.00032988994	1.868524e-07	3.2321459e-09	2
TFRecord	1.2345615e-09	0.0031099233	0.99675936	0.00013055094	7.022609e-08	1.3406305e-09	2
TFRecord	6.8068697e-11	1.8226548e-05	0.9999769	4.9453856e-06	7.931012e-09	7.8535706e-11	2
TFRecord	1.3953376e-09	0.0035428072	0.9963709	8.6198525e-05	7.27641e-08	1.4893121e-09	2
TFRecord	1.6939423e-09	0.0022840057	0.99756324	0.00015272055	1.1399673e-07	1.801226e-09	2
TFRecord	1.2108234e-09	0.0008725845	0.99899167	0.00013560666	9.077762e-08	1.2799363e-09	2
TFRecord	1.5075279e-10	0.0004250127	0.9995685	6.4852597e-06	1.5556624e-08	1.6772264e-10	2
TFRecord	3.7171902e-10	0.00494757	0.99504954	2.8130903e-06	5.4879283e-08	4.1691425e-10	2
TFRecord	1.2690184e-09	0.0028554897	0.99707603	6.834489e-05	9.312742e-08	1.334677e-09	2
TFRecord	7.679926e-10	0.015843865	0.9841499	6.2026143e-06	9.949403e-08	8.507976e-10	2
TFRecord	3.6524642e-10	0.0061840536	0.9938135	2.4149351e-06	5.6010087e-08	4.106928e-10	2
TFRecord	1.5247444e-10	0.0012581563	0.99873894	2.8401698e-06	1.6909558e-08	1.6910219e-10	2
TFRecord	1.5388634e-09	0.02134628	0.9785817	7.190851e-05	6.58375e-08	1.6166201e-09	2
TFRecord	2.0708169e-10	0.0023607924	0.9976387	5.1651676e-07	3.7232926e-08	2.3278114e-10	2
TFRecord	9.832659e-11	0.00016199076	0.99983394	4.08678e-06	9.9001145e-09	1.1136465e-10	2
TFRecord	1.5830461e-09	0.0066187177	0.99333245	4.8626545e-05	1.12300285e-07	1.6698148e-09	2
TFRecord	9.101795e-11	0.00020470316	0.9997943	1.0113247e-06	1.3399714e-08	1.0442607e-10	2
TFRecord	1.487509e-09	0.008526954	0.9914323	4.0652067e-05	8.395711e-08	1.5723518e-09	2
TFRecord	7.3182926e-10	0.009296093	0.9906777	2.6213718e-05	4.5028216e-08	7.886067e-10	2
TFRecord	1.8307477e-09	0.0119198775	0.98804086	3.9214647e-05	1.297291e-07	1.9429716e-09	2
TFRecord	1.4494319e-09	0.0044451244	0.9955226	3.2214426e-05	1.3791971e-07	1.5301872e-09	2
TFRecord	7.3295266e-11	7.5799464e-05	0.9999198	4.4691305e-06	6.5209877e-09	8.358266e-11	2
TFRecord	2.564508e-10	0.0027997994	0.9971994	8.9121505e-07	4.0501774e-08	2.8734554e-10	2
TFRecord	1.7249064e-09	0.026960578	0.9729561	8.3107436e-05	7.4290746e-08	1.8218088e-09	2
TFRecord	1.7184671e-09	0.021234645	0.9787225	4.2735934e-05	1.0680234e-07	1.8405015e-09	2
TFRecord	2.7239658e-10	0.0038577525	0.99613523	7.0605474e-06	2.93449e-08	3.023177e-10	2
TFRecord	5.3811875e-11	5.3084772e-05	0.9999465	4.738716e-07	6.2221086e-09	6.285908e-11	2
TFRecord	1.193688e-09	0.0042326925	0.9957526	1.4593774e-05	1.3958169e-07	1.262557e-09	2
TFRecord	1.3294007e-09	0.021259869	0.9787148	2.5249785e-05	9.184205e-08	1.4323616e-09	2
TFRecord	9.670178e-10	0.004752407	0.99519485	5.2581396e-05	1.08934294e-07	1.0318639e-09	2
TFRecord	2.116519e-09	0.010856124	0.9891139	2.9723118e-05	2.621078e-07	2.2454507e-09	2
TFRecord	1.2177551e-09	0.0031319645	0.99680066	6.731298e-05	8.69276e-08	1.2993929e-09	2
TFRecord	1.6860753e-09	0.04192026	0.9580515	2.813643e-05	1.1334715e-07	1.8145411e-09	2
TFRecord	9.426765e-10	0.006240825	0.99373794	2.1090673e-05	6.767057e-08	1.0067484e-09	2
TFRecord	1.1169077e-09	0.005648478	0.99434316	8.147568e-06	1.9465179e-07	1.18536e-09	2
TFRecord	1.2726438e-09	0.018930659	0.9810332	3.601565e-05	7.3391135e-08	1.3513544e-09	2
TFRecord	1.1225656e-09	0.041457694	0.95848763	5.467342e-05	6.10683e-08	1.1930746e-09	2
TFRecord	5.933372e-11	0.00012491138	0.9998746	4.4921418e-07	7.873817e-09	6.889924e-11	2
TFRecord	2.1056244e-10	0.0073767705	0.99262273	4.9628073e-07	3.957557e-08	2.4091518e-10	2
TFRecord	1.2691227e-10	0.0008419965	0.9991574	5.598455e-07	1.4840676e-08	1.4673246e-10	2
TFRecord	8.9140906e-10	0.020551626	0.9793956	5.280722e-05	5.8125867e-08	9.446346e-10	2
TFRecord	2.0450427e-10	0.0026426613	0.9973563	1.1273925e-06	2.0330468e-08	2.2600105e-10	2
TFRecord	9.5204795e-11	0.00016220388	0.9998307	6.9907705e-06	8.4373735e-09	1.0710413e-10	2
TFRecord	1.3890598e-09	0.0065801325	0.993397	2.2717306e-05	1.2494382e-07	1.4470601e-09	2
TFRecord	8.6122864e-10	0.015752992	0.9842322	1.4815237e-05	5.4523934e-08	9.0333313e-10	2
TFRecord	2.1707267e-10	0.004932342	0.9950653	2.3629266e-06	2.6495165e-08	2.3623314e-10	2
TFRecord	9.79236e-10	0.031275388	0.9687148	9.726958e-06	7.756338e-08	1.0350015e-09	2
TFRecord	1.4592357e-09	0.021166328	0.9788205	1.3049233e-05	1.5154576e-07	1.5000219e-09	2
TFRecord	1.4264773e-09	0.14270805	0.85728514	6.7603373e-06	1.4223653e-07	1.450484e-09	2
TFRecord	8.584592e-11	0.000392205	0.9996069	9.116699e-07	8.9628776e-09	9.5368845e-11	2
TFRecord	5.4779303e-10	0.08292226	0.917077	6.85527e-07	1.0604763e-07	5.921745e-10	2
TFRecord	7.4541634e-10	0.056458943	0.94353265	8.310924e-06	6.3278534e-08	7.649528e-10	2
TFRecord	1.1912138e-10	0.0011827125	0.9988159	1.4871257e-06	1.4467385e-08	1.3166535e-10	2
TFRecord	2.1715932e-10	0.010820874	0.9891788	4.1140706e-07	4.2044718e-08	2.3246662e-10	2
TFRecord	9.799084e-10	0.11432543	0.8856608	1.3713084e-05	8.592508e-08	9.945046e-10	2
TFRecord	1.6231121e-09	0.05745574	0.9425303	1.3689199e-05	2.3329365e-07	1.6450161e-09	2
TFRecord	1.1499725e-09	0.37586993	0.6241216	8.3144805e-06	1.3833242e-07	1.1950594e-09	2
TFRecord	1.8441153e-10	0.013304829	0.98669356	1.610222e-06	3.1497674e-08	1.9778584e-10	2
TFRecord	1.5357667e-09	0.019366853	0.9806126	2.0338759e-05	2.4782983e-07	1.5656031e-09	2
TFRecord	1.4750928e-09	0.058687016	0.94130373	8.949605e-06	1.847249e-07	1.4881941e-09	2
TFRecord	1.5033964e-09	0.050850645	0.94913995	9.067251e-06	2.909725e-07	1.5171656e-09	2
TFRecord	1.4429187e-10	0.006770028	0.9932296	3.3906204e-07	3.1778793e-08	1.5876103e-10	2
TFRecord	9.471225e-11	0.0034067235	0.9965932	1.7728743e-07	2.2464908e-08	1.04333625e-10	2
TFRecord	4.3716437e-11	0.0002342077	0.99976474	1.0765474e-06	5.640266e-09	4.9541746e-11	2
TFRecord	1.5287425e-10	0.00775075	0.9922489	3.2830633e-07	2.612009e-08	1.6553564e-10	2
TFRecord	2.4108587e-10	0.014388432	0.98561096	5.7554956e-07	4.184651e-08	2.5738753e-10	2
TFRecord	1.9611224e-10	0.017629389	0.98237026	3.5660275e-07	5.0120438e-08	2.192226e-10	2
TFRecord	1.4578856e-09	0.06721972	0.93276453	1.5553236e-05	2.1438096e-07	1.5049532e-09	2
TFRecord	1.5295364e-10	0.006534717	0.993465	2.0373427e-07	3.351425e-08	1.6811043e-10	2
TFRecord	1.3376292e-10	0.005560012	0.99443924	6.975526e-07	2.0329121e-08	1.4561956e-10	2
TFRecord	8.769451e-10	0.10131462	0.8986466	3.866173e-05	6.8903745e-08	9.0270014e-10	2
TFRecord	7.4699413e-10	0.0140816225	0.9859071	1.1115521e-05	1.041425e-07	7.6827283e-10	2
TFRecord	4.27861e-11	0.00021540804	0.99978405	5.743559e-07	5.8969865e-09	4.870118e-11	2
TFRecord	5.795073e-10	0.03767009	0.9623234	6.4190535e-06	5.6435002e-08	6.0314187e-10	2
TFRecord	6.851535e-10	0.0068994947	0.9930901	1.02910635e-05	1.1009923e-07	7.0650774e-10	2
TFRecord	1.0219727e-09	0.020073421	0.9798967	2.9625566e-05	1.6659455e-07	1.058704e-09	2
TFRecord	8.9538527e-10	0.031984556	0.96796584	4.9532242e-05	8.935641e-08	9.284325e-10	2
TFRecord	7.945004e-10	0.096689746	0.9033045	5.6106305e-06	9.769289e-08	8.25792e-10	2
TFRecord	1.4574376e-11	0.0045027956	0.99549663	5.7157615e-07	1.102347e-08	1.6702466e-11	2
TFRecord	1.1814006e-11	0.0027838764	0.9972155	5.467292e-07	9.384691e-09	1.3642182e-11	2
TFRecord	6.958084e-12	0.0010718541	0.998928	1.2688876e-07	5.2460076e-09	8.091063e-12	2
TFRecord	1.016897e-11	0.062366605	0.93763334	5.3731327e-08	9.957018e-09	1.1746009e-11	2
TFRecord	2.0306667e-10	0.046166785	0.9538273	5.8507894e-06	8.8668905e-08	2.2613705e-10	2
TFRecord	1.8450188e-11	0.0015813105	0.99841785	8.2877574e-07	1.7572107e-08	2.2632477e-11	2
TFRecord	1.8472743e-10	0.26845065	0.7315473	2.0253851e-06	9.9802236e-08	2.0056294e-10	2
TFRecord	7.645404e-12	0.05773384	0.9422661	1.8518579e-08	7.302435e-09	8.741223e-12	2
TFRecord	5.959851e-11	0.14189073	0.8581083	9.575443e-07	6.388743e-08	6.482783e-11	2
TFRecord	2.3245054e-10	0.10681261	0.89317787	9.338518e-06	1.1040695e-07	2.6083674e-10	2
TFRecord	1.576371e-11	0.0008159001	0.99918336	7.4454726e-07	1.6109235e-08	1.9378674e-11	2
TFRecord	8.850248e-12	0.0018089117	0.9981908	2.8231912e-07	5.4753526e-09	1.0724949e-11	2
TFRecord	3.0520666e-11	0.03469908	0.9653006	3.2480006e-07	2.0502755e-08	3.32201e-11	2
TFRecord	8.415063e-12	0.0008521578	0.99914753	2.527363e-07	6.191446e-09	1.0183626e-11	2
TFRecord	9.567441e-12	0.00081335084	0.99918634	4.03511e-07	8.908396e-09	1.1971316e-11	2
TFRecord	2.5765839e-11	0.020029781	0.97997004	2.067887e-07	1.8280053e-08	2.8320485e-11	2
TFRecord	4.298089e-12	0.023771219	0.9762288	2.2126232e-08	6.070334e-09	5.1156076e-12	2
TFRecord	7.8286766e-11	0.093365856	0.9066326	1.3548081e-06	6.624053e-08	8.6086374e-11	2
TFRecord	7.8286766e-11	0.093365856	0.9066326	1.3548081e-06	6.624053e-08	8.6086374e-11	2
TFRecord	5.7903825e-12	0.13440558	0.86559445	1.9850946e-08	8.234814e-09	6.7585473e-12	2
TFRecord	9.595273e-12	0.0020152815	0.9979845	1.145512e-07	1.2883334e-08	1.1174873e-11	2
TFRecord	5.250656e-11	0.0059446585	0.9940545	8.1508864e-07	5.0610755e-08	6.189546e-11	2
TFRecord	1.3230052e-11	0.0027157415	0.9972842	1.6529951e-07	1.569756e-08	1.5213095e-11	2
TFRecord	6.775653e-11	0.12447376	0.87552387	2.1569238e-06	8.228883e-08	7.434193e-11	2
TFRecord	1.8111145e-10	0.10256771	0.89742666	5.4596712e-06	9.864092e-08	2.0256379e-10	2
TFRecord	4.36085e-11	0.09639269	0.90360665	6.268854e-07	3.985393e-08	4.7542158e-11	2
TFRecord	3.3949444e-11	0.004176455	0.99582314	3.7978887e-07	3.7580385e-08	4.0455386e-11	2
TFRecord	2.489752e-10	0.17660642	0.8233865	6.911917e-06	2.1358287e-07	2.7886665e-10	2
TFRecord	9.6077514e-11	0.070645094	0.92935336	1.4250809e-06	7.960137e-08	1.0870411e-10	2
TFRecord	3.1438657e-11	0.069795474	0.93020445	1.4177071e-07	3.1404664e-08	3.4060726e-11	2
TFRecord	4.166098e-12	0.0005421609	0.9994578	9.090697e-08	4.066625e-09	5.0405366e-12	2
TFRecord	4.2643875e-12	0.00044364913	0.99955624	6.31675e-08	5.39291e-09	5.10539e-12	2
TFRecord	2.7724541e-11	0.00928213	0.9907177	1.5289731e-07	2.395467e-08	3.1257632e-11	2
TFRecord	2.5685702e-11	0.017664721	0.98233503	1.9059618e-07	1.8296403e-08	2.7819996e-11	2
TFRecord	7.635524e-12	0.0009761302	0.9990237	1.9209239e-07	8.6878975e-09	9.509417e-12	2
TFRecord	2.3393065e-11	0.0071222037	0.99287766	1.03000254e-07	2.4282192e-08	2.6841416e-11	2
TFRecord	4.300905e-12	0.0746168	0.9253832	1.23194805e-08	7.3117024e-09	4.99084e-12	2
TFRecord	4.300905e-12	0.0746168	0.9253832	1.23194805e-08	7.3117024e-09	4.99084e-12	2
TFRecord	1.2540755e-10	0.036017857	0.9639803	1.7375371e-06	1.0630476e-07	1.4259574e-10	2
TFRecord	2.6950064e-10	0.2253132	0.77467936	7.2022253e-06	1.8333228e-07	2.9861003e-10	2
TFRecord	4.750571e-12	0.0008678685	0.9991321	3.18917e-08	7.83649e-09	5.57742e-12	2
TFRecord	5.980287e-11	0.02650415	0.97349554	3.3698234e-07	4.213856e-08	6.5405195e-11	2
TFRecord	1.4536412e-10	0.1345215	0.86547726	1.1388466e-06	1.3096042e-07	1.6137612e-10	2
TFRecord	3.9793533e-12	0.02774418	0.9722559	4.331888e-09	7.079553e-09	4.561185e-12	2
TFRecord	4.5877614e-11	0.010727475	0.98927224	1.7775736e-07	6.877749e-08	5.3327683e-11	2
TFRecord	9.6524296e-11	0.24710381	0.7528953	7.098189e-07	1.6711331e-07	1.02745076e-10	2
TFRecord	1.9390819e-11	0.16811953	0.8318804	5.543919e-08	2.7466227e-08	2.2917754e-11	2
TFRecord	1.2154106e-11	0.002464746	0.9975351	1.090664e-07	1.487437e-08	1.4416904e-11	2
TFRecord	1.7829654e-11	0.19303371	0.80696625	2.6040837e-08	1.9485613e-08	1.9830604e-11	2
TFRecord	1.5551126e-11	0.043170176	0.95682967	6.113547e-08	2.5742022e-08	1.7872625e-11	2
TFRecord	4.8498217e-10	0.36576122	0.63423264	5.5851783e-06	5.3061643e-07	5.3013915e-10	2
TFRecord	4.642374e-11	0.370043	0.62995684	1.01906615e-07	5.9956335e-08	5.369115e-11	2
TFRecord	4.6583976e-10	0.37411496	0.6258815	2.9853634e-06	5.094196e-07	4.8942655e-10	2
TFRecord	1.4054138e-11	0.016365362	0.9836346	2.7973927e-08	2.1889164e-08	1.5830271e-11	2
TFRecord	2.1658232e-10	0.046936728	0.95306206	1.0516355e-06	1.8540389e-07	2.3352745e-10	2
TFRecord	4.645761e-10	0.16888429	0.8311104	4.654929e-06	6.1866683e-07	5.063166e-10	2
TFRecord	5.9784774e-11	0.005418874	0.99458045	4.4597954e-07	1.2263746e-07	7.101812e-11	2
TFRecord	1.4972438e-11	0.3300118	0.6699883	1.8123767e-08	2.6554602e-08	1.6617612e-11	2
TFRecord	1.9413227e-10	0.203729	0.7962701	5.644779e-07	3.5970294e-07	2.0273881e-10	2
TFRecord	2.125204e-10	0.10488694	0.89511204	6.3011845e-07	3.30624e-07	2.2151125e-10	2
TFRecord	2.2923734e-11	0.37568966	0.62431026	2.4709891e-08	5.758332e-08	2.5339581e-11	2
TFRecord	9.0229363e-10	0.3342883	0.66570365	7.040191e-06	1.0460369e-06	9.364135e-10	2
TFRecord	2.682622e-10	0.2832289	0.71676904	1.4693053e-06	6.9728895e-07	2.7962027e-10	2
TFRecord	3.6473154e-11	0.0022665411	0.997733	3.7003988e-07	8.678929e-08	4.375493e-11	2
TFRecord	8.787463e-11	0.01680998	0.9831898	1.3507047e-07	1.637651e-07	9.379772e-11	2
TFRecord	1.1237815e-09	0.22428262	0.77571046	5.417105e-06	1.5221921e-06	1.1864043e-09	2
TFRecord	3.0689376e-10	0.06803169	0.9319662	1.6833578e-06	4.910437e-07	3.216084e-10	2
TFRecord	4.750149e-11	0.4605611	0.53943884	2.2380489e-08	7.751248e-08	5.079978e-11	2
TFRecord	7.397484e-11	0.010044991	0.9899545	3.2039804e-07	1.2256316e-07	8.423141e-11	2
TFRecord	5.854207e-11	0.012417055	0.9875826	2.2066625e-07	1.4578696e-07	6.479361e-11	2
TFRecord	1.2877491e-09	0.57547826	0.4245144	5.478746e-06	1.8828127e-06	1.3405959e-09	1
TFRecord	1.8204557e-09	0.60778886	0.3922021	7.0371552e-06	2.0230586e-06	1.8263332e-09	1
TFRecord	1.1409383e-09	0.19219118	0.8078043	3.4674822e-06	1.094055e-06	1.1850426e-09	2
TFRecord	1.0778819e-10	0.03887519	0.96112424	3.3875912e-07	1.737695e-07	1.2359012e-10	2
TFRecord	1.1286568e-09	0.14419372	0.8558024	2.8160966e-06	1.0633976e-06	1.1706573e-09	2
TFRecord	1.3925956e-10	0.01632337	0.9836759	5.2543464e-07	2.080886e-07	1.5686548e-10	2
TFRecord	4.819298e-10	0.10839142	0.8916057	2.2844895e-06	6.42091e-07	4.9155774e-10	2
TFRecord	2.2012808e-10	0.055312768	0.94468594	8.599485e-07	3.7041167e-07	2.3483968e-10	2
TFRecord	2.738215e-09	0.5823555	0.41762483	1.727788e-05	2.385349e-06	2.8056104e-09	1
TFRecord	4.3496268e-10	0.21425185	0.7857467	9.254269e-07	5.9737863e-07	4.4185444e-10	2
TFRecord	2.0600857e-10	0.019997742	0.98000115	6.9535236e-07	3.5619223e-07	2.3207183e-10	2
TFRecord	1.0257611e-09	0.36383948	0.6361573	2.1017836e-06	1.1693459e-06	1.0496778e-09	2
TFRecord	8.5394525e-11	0.39119074	0.60880905	7.172184e-08	1.2446385e-07	9.525175e-11	2
TFRecord	1.7265599e-09	0.515495	0.48449832	4.921517e-06	1.707929e-06	1.7295393e-09	1
TFRecord	1.0981144e-09	0.6470575	0.35293585	5.1327593e-06	1.431626e-06	1.1017185e-09	1
TFRecord	1.1381813e-09	0.48100638	0.518987	5.22735e-06	1.3963861e-06	1.1487414e-09	2
TFRecord	1.573882e-09	0.24096264	0.75903034	5.834065e-06	1.272547e-06	1.6426485e-09	2
TFRecord	1.0338208e-10	0.029759698	0.97023994	2.1745502e-07	9.9626554e-08	1.1352981e-10	2
TFRecord	4.7123516e-10	0.0455498	0.95444894	8.045915e-07	4.6214728e-07	5.1024635e-10	2
TFRecord	5.0615255e-11	0.42902905	0.5709708	4.721378e-08	7.034182e-08	5.4758312e-11	2
TFRecord	4.7408166e-10	0.36387074	0.63612694	1.702797e-06	6.9913716e-07	4.8143345e-10	2
TFRecord	1.256179e-10	0.46221733	0.5377823	1.7996638e-07	1.3237138e-07	1.4005244e-10	2
TFRecord	1.3705441e-09	0.061348636	0.93864304	7.221744e-06	9.683268e-07	1.4662679e-09	2
TFRecord	3.849976e-11	0.030537186	0.9694629	3.2349245e-08	4.5700215e-08	4.1830005e-11	2
TFRecord	8.018644e-11	0.06252416	0.9374756	9.1608946e-08	7.281599e-08	8.834449e-11	2
